1.753001809120178223e-01
6.284167170524597168e-01
-4.637890681624412537e-02
3.751688599586486816e-01
-7.207468748092651367e-01
3.633589446544647217e-01
1.320853829383850098e-01
-6.787131428718566895e-01
3.355057835578918457e-01
2.806811332702636719e-01
-2.258276045322418213e-01
-6.897834539413452148e-01
-2.481991052627563477e-01
6.904570013284683228e-02
2.952510714530944824e-01
5.346332192420959473e-01
4.012818336486816406e-01
-1.475619226694107056e-01
-5.054093003273010254e-01
4.702537059783935547e-01
-1.744010150432586670e-01
-1.328373253345489502e-01
-9.598257541656494141e-01
-4.671553969383239746e-01
1.411367654800415039e-01
1.757804751396179199e-01
-3.593473732471466064e-01
2.709754705429077148e-01
-6.790997833013534546e-02
-1.653216928243637085e-01
-1.573990583419799805e-01
-5.303953886032104492e-01
-3.400097489356994629e-01
3.078169524669647217e-01
-1.257918000221252441e+00
3.181229829788208008e-01
6.434801965951919556e-02
5.188521146774291992e-01
-1.688440442085266113e-01
8.108652546070516109e-04
2.627205252647399902e-01
-1.742537468671798706e-01
5.322446823120117188e-01
-1.605140864849090576e-01
4.054167568683624268e-01
-1.910407394170761108e-01
1.408451050519943237e-01
4.511287435889244080e-02
-2.403038591146469116e-01
9.254582524299621582e-01
2.307547181844711304e-01
7.551792263984680176e-02
3.978274762630462646e-01
-1.854882389307022095e-01
2.177468128502368927e-02
6.019746661186218262e-01
-3.440290689468383789e-01
-3.262648284435272217e-01
3.872407972812652588e-01
-3.179958462715148926e-01
1.371523588895797729e-01
1.112921610474586487e-01
1.384474933147430420e-01
1.697775572538375854e-01
-2.948005199432373047e-01
2.603672742843627930e-01
-4.470100253820419312e-02
-2.289465367794036865e-01
-6.018622964620590210e-02
5.655966699123382568e-02
3.601009845733642578e-01
3.280618414282798767e-02
8.272351324558258057e-02
-7.662402093410491943e-02
-1.321329027414321899e-01
2.750306129455566406e-01
8.323404192924499512e-01
3.172189891338348389e-01
2.705265283584594727e-01
2.628837823867797852e-01
3.108396232128143311e-01
-1.558171510696411133e-01
-2.310273498296737671e-01
2.694564759731292725e-01
2.999941259622573853e-02
-6.896309554576873779e-02
2.610889077186584473e-01
-9.701754897832870483e-02
-7.554878592491149902e-01
1.678552627563476562e-01
2.208203673362731934e-01
2.888213694095611572e-01
1.758138835430145264e-02
4.543542489409446716e-02
2.390193492174148560e-01
-4.924194514751434326e-01
3.438616693019866943e-01
-3.253965973854064941e-01
3.191763162612915039e-01
-6.247007846832275391e-01
2.887526154518127441e-01
-2.225698232650756836e-01
-5.691000446677207947e-02
7.027208060026168823e-02
5.202821493148803711e-01
-8.021128177642822266e-02
-4.245918691158294678e-01
9.063832461833953857e-02
1.414864808320999146e-01
-4.193659126758575439e-01
-3.976040184497833252e-01
-8.238288760185241699e-01
-3.157823383808135986e-01
3.229511678218841553e-01
-2.867174148559570312e-01
4.730010926723480225e-01
-4.258813858032226562e-01
1.950172781944274902e-01
-1.197295859456062317e-01
-5.231414437294006348e-01
-8.695985376834869385e-02
-1.032718792557716370e-01
-1.244859471917152405e-01
5.590070486068725586e-01
-1.491881310939788818e-01
1.472174376249313354e-02
-4.054208993911743164e-01
-7.254531383514404297e-01
